23   
15
23  
30
23  
51
23  
86
23  
103
23  
142
23  
163
50

    
1   
4         
27  
23  
206
28  
1   
6         
27  
23  
178
28  
23  
220
24  

    
1
32
9
2
1   
47
9
2
1   
9         
27  
23  
206
28  
1   
92    
9
2
23  
220
24  

    
1   
47
9   
2
1   
32
9
2
9
2
9
2
23  
225
1   
32
9
2
9
2
23  
225
1   
32
9
2
9
2
1   
92    
9
2
23  
220
24  

    
1   
124
9   
2
1   
11         
27  
23  
206
28  
1   
124
9   
2
23  
220
24

    
1   
92    
9
2
1   
32
9
2
9
2
9
2
1   
92    
9
2
1   
4
27  
23  
192
28  
1   
47    
9
2
1    
32
9
2
9
2
1    
47    
9
2
23   
220
24   

     
1
32
9
2
1    
92
9
2
1    
9         
27   
23   
206
28   
1    
47 
9
2
23   
220
24   

     
1    
4         
27   
23   
206
28   
1    
6         
27   
23   
178
28   
23   
220
24   

     
1    
1 
14   
6    
14   
1   
45
9   
2
26  
15 
22 
183
24

   
1  
1 
14 
6  
14 
1  
95
9  
2
26 
15 
22 
197
24

   
1  
1 
14 
6  
14 
1  
32
9  
2
26 
15 
22 
211
24

   
1
10
9
2
24

   
1  
45       
9  
2
1  
42    
9  
2
24 


.1000
30 
